 MACHAR constants


 ibeta =     2

 it    =    11

 irnd  =     5

 ngrd  =     0

 machep =   -10

 negep =   -11

 iexp =     5

 minexp =   -14

 maxexp =    16

 eps =  9.7656250e-04

 epsneg =  4.8828125e-04

 xmin =  6.1035156e-05

 xmax =  6.5504000e+04



 DPMPAR constants and relative differences


 epsmch =  9.7656250e-04
 rerr(1) =  0.0000000e+00

 dwarf =  6.1035156e-05
 rerr(2) =  0.0000000e+00

 giant =  6.5504000e+04
 rerr(3) =  0.0000000e+00
