1MACHAR constants


 ibeta =     2

 it    =    53

 irnd  =     5

 ngrd  =     0

 machep =   -52

 negep =   -53

 iexp =    11

 minexp = -1022

 maxexp =  1024

 eps =  0.2220446D-15

 epsneg =  0.1110223D-15

 xmin =  0.2225074-307

 xmax =  0.1797693+309



 dpmpar constants and relative differences


 epsmch =  0.2220446D-15
 rerr(1) =  0.0000000D+00

 dwarf =  0.2225074-307
 rerr(2) =  0.0000000D+00

 giant =  0.1797693+309
 rerr(3) =  0.0000000D+00
