 MACHAR constants


 ibeta =     2

 it    =    53

 irnd  =     5

 ngrd  =     0

 machep =   -52

 negep =   -53

 iexp =    11

 minexp = -1022

 maxexp =  1024

 eps =  2.2204460e-16

 epsneg =  1.1102230e-16

 xmin = 2.2250739e-308

 xmax = 1.7976931e+308



 DPMPAR constants and relative differences


 epsmch =  2.2204460e-16
 rerr(1) =  0.0000000e+00

 dwarf = 2.2250739e-308
 rerr(2) =  0.0000000e+00

 giant = 1.7976931e+308
 rerr(3) =  0.0000000e+00
