 MACHAR constants


 ibeta =     2

 it    =    24

 irnd  =     5

 ngrd  =     0

 machep =   -23

 negep =   -24

 iexp =     8

 minexp =  -126

 maxexp =   128

 eps =  1.1920929e-07

 epsneg =  5.9604645e-08

 xmin =  1.1754944e-38

 xmax =  3.4028235e+38



 DPMPAR constants and relative differences


 epsmch =  1.1920929e-07
 rerr(1) =  0.0000000e+00

 dwarf =  1.1754944e-38
 rerr(2) =  0.0000000e+00

 giant =  3.4028235e+38
 rerr(3) =  0.0000000e+00
